European call price by CRR: 21.681

American call price by Snell: 21.681

American call price tree: 

         21.681
         12.057         32.180
          5.574         19.101         46.479
          1.875          9.578         29.464         65.132
          0.322          3.551         16.107         44.028         88.353
          0.000          0.670          6.661         26.354         63.356        115.982
          0.000          0.000          1.391         12.352         41.571         87.283        147.869
          0.000          0.000          0.000          2.889         22.574         62.281        114.907        184.657
          0.000          0.000          0.000          0.000          5.999         40.489         86.202        146.788        227.087

American call stopping tree: 

              0
              0              0
              0              0              0
              0              0              0              0
              0              0              0              0              0
              0              0              0              0              0              0
              0              0              0              0              0              0              0
              0              0              0              0              0              0              0              0
              1              1              1              1              1              1              1              1              1

European put price by CRR: 11.426

American put price by Snell: 11.724

American put price tree: 

         11.724
         16.734          6.517
         23.161         10.075          2.799
         30.930         15.143          4.788          0.712
         39.657         21.978          8.030          1.388          0.000
         47.585         30.530         13.113          2.704          0.000          0.000
         54.471         39.657         20.611          5.271          0.000          0.000          0.000
         60.453         47.585         30.530         10.273          0.000          0.000          0.000          0.000
         65.649         54.471         39.657         20.023          0.000          0.000          0.000          0.000          0.000

American put stopping tree: 

              0
              0              0
              0              0              0
              0              0              0              0
              1              0              0              0              0
              1              1              0              0              0              0
              1              1              0              0              0              0              0
              1              1              1              0              0              0              0              0
              1              1              1              1              1              1              1              1              1

